fitness: 0.2958161835204851
distance: 0.056412753349071365
area: 0.14557581274621617