fitness: 0.16102716073433432
distance: 0.16102716073433432
area: 1.0640093652446285