fitness: 0.2988882441982639
distance: 0.11009551952583463
area: 0.2605953982327347