fitness: -0.15931298359974955
distance: 0.09967419478309525
area: 1.7636163998263876