fitness: -0.289084045975299
distance: 0.29326403942308243
area: 2.647896245238189