fitness: 0.2606361007847997
confidence: 0.0
area: 0.014787277984304006