fitness: -0.32139809463920765
confidence: 0.8184395050571766
area: 0.014151369316926506