fitness: 0.2883970682881377
confidence: 0.0
area: 0.014232058634237247