fitness: 0.9186537999256472
distance: 0.9082654234576609
area: 0.0012545267667598437