fitness: 0.9187498982800477
distance: 0.8916665310400635
area: 0.0