fitness: 0.39097011157037526
distance: 0.20386747131604632
area: 0.0011930491916659462