fitness: 0.16578389285927958
distance: 0.02734665843464279
area: 0.010472610096670247