fitness: 0.007425367578494657
distance: 0.007425367578494657
area: 0.2601683519345542