fitness: 0.30856313406054825
distance: 0.01223304865792596
area: 0