fitness: 0.1048211980794414
distance: 0.10506154089416231
area: 0.8957396018215741