fitness: 0.3019933465756665
distance: 0.09574657921624496
area: 0.21676419625235016