fitness: 0.07977652077233932
distance: 0.07977652077233932
area: 0.17452446527105595