fitness: 0.3410954412846283
distance: 0.13443014321915425
area: 0.17668552989593245