fitness: 0.2923062111283939
distance: 0.05431643570656952
area: 0.1523843128873494