fitness: 0.2063313965760714
distance: 0.029757986549902138
area: 0.38166398002953394