fitness: 0.2032610057392369
distance: 0.2032610057392369
area: 0.2725400209083312