fitness: -0.35062981697953644
confidence: 0.7856912972347345
area: 0.01522722688106971