fitness: -0.19255076334306165
confidence: 0.6576577955333051
area: 0.013986148333861656