fitness: -0.12900717635854086
confidence: 0.5311794931360054
area: 0.014612451130130736