fitness: 0.2677700302446062
distance: 0.03153343642710027
area: 0.18101125084788006