fitness: 0.30673192639281155
distance: 0.012502929045241862
area: 0.006733746462859129