fitness: -0.31273593533914645
distance: 0.22543476180994604
area: 2.5684675620203623