fitness: 0.6957397897545965
distance: 0.72924349527722
area: 0.010119283170331844