fitness: 0.959751400055714
confidence: 0
area: 0.004024859994428595