fitness: 0.13191742793195194
confidence: 0.0
area: 0.01736165144136096