fitness: -0.09907942681995185
confidence: 0.5020344027259853
area: 0.014451072495509256