fitness: 0.14940011334927916
confidence: 0.0
area: 0.017011997733014417