fitness: 0.22912884354917729
confidence: 0.0
area: 0.015417423129016455