fitness: 0.20433368875056435
confidence: 1
area: 0.004566631124943566