fitness: -0.14888432524410133
confidence: 0.4766088061616756
area: 0.015828554412456893