fitness: 0.2063701334255497
confidence: 1
area: 0.004362986657445031