fitness: 0.9289809176793371
distance: 0.9053078902391162
area: 0.0