fitness: 0.8306837572159892
distance: 0.8229916035395218
area: 0.0036559945438652103