fitness: 0.8624914778190027
distance: 0.8765190925063528
area: 0.004489784156076194