fitness: 0.87437109362847
distance: 0.8857497409297154
area: 0.003994121206881646