fitness: 0.9050516007806317
distance: 0.8841607100156077
area: 0.0008068931731074032