fitness: 0.9542760535239139
confidence: 0
area: 0.004572394647608618