fitness: 0.9024927667989296
distance: 0.8980394993684969
area: 0.0021036857727443014