fitness: 0.37129573595381504
confidence: 0.0
area: 0.0125740852809237