fitness: -0.38173176355539296
confidence: 0.7956533021002542
area: 0.015699835739604047