fitness: -0.24796693726535401
confidence: 0.5824629078269936
area: 0.016222395127902176