fitness: 0.904068739630748
distance: 0.8980403126618797
area: 0.0019461494865661893