fitness: 0.3388278916073504
confidence: 0.0
area: 0.013223442167852992