fitness: 0.08289549334247165
distance: 0.06716817500328487
area: 0.8804074305327594