fitness: 0.08404260743683034
distance: 0.08404260743683034
area: 0.23380623314045185