fitness: 0.2822516727625106
distance: 0.10467738379650815
area: 0.3034083196501502