fitness: -0.2620745207629136
distance: 0.22244891499764885
area: 2.392629204204226