fitness: -0.4319301315748011
confidence: 0.9737564077542629
area: 0.01403225651518208