fitness: 0.4044810538986854
distance: 0.22221506461888507
area: 0.0012180244565478421