fitness: 0.9332456565876202
distance: 0.9493152305920229
area: 0.002874076635639703