fitness: 0.9521435501378442
confidence: 0
area: 0.004785644986215575