fitness: 0.31721468161340216
confidence: 0.0
area: 0.013655706367731958