fitness: 0.8853981652563886
distance: 0.8885924542384089
area: 0.0031046175422418183