fitness: 0.381685309887424
distance: 0.21976742028197072
area: 0.003314025532405406