fitness: 0.9653612287830322
confidence: 0
area: 0.003463877121696781