fitness: -0.30364323761571865
confidence: 0.6228853086591698
area: 0.016729585122426827