fitness: 0.21212645168727118
confidence: 0.0
area: 0.015757470966254575