fitness: 0.1945380105939231
distance: 0.04627605626064446
area: 0.009016903160156029