fitness: -0.3279323864432999
distance: 0.35422704741392064
area: 2.9196377321101483