fitness: 0.20016483428051746
distance: 0.026726296375247705
area: 0.3951452439405201