fitness: 0.3403482119090341
distance: 0.13336267268259117
area: 0.17668552989593245