fitness: 0.10979638274511827
distance: 0.10979638274511827
area: 0.19753779736739113