fitness: -0.17173063114169274
confidence: 0.6948333079577423
area: 0.01301211300346772