fitness: -0.30160126716575775
confidence: 0.7833344119542744
area: 0.014282009164001037