fitness: -0.08946805518278045
confidence: 0.5065098085382488
area: 0.014191713975581876