fitness: 0.23844653852434605
confidence: 0.0
area: 0.015231069229513079