fitness: 0.965630193174068
confidence: 0
area: 0.0034369806825932008