fitness: 0.9332425373635879
distance: 0.9495159968769595
area: 0.002889446029413177