fitness: 0.34132541809553996
confidence: 0.0
area: 0.0131734916380892