fitness: 0.9560243220656466
confidence: 0
area: 0.004397567793435348