fitness: 0.00450165050871576
distance: 0.00450165050871576
area: 0.18364517472678393