fitness: 0.31923397462237624
distance: 0.06367424680393086
area: 0.08445999380125138