fitness: 0.16761346233752902
distance: 0.07312752070315276
area: 0.013723217818983549