fitness: 0.07892805370027611
distance: 0.07892805370027611
area: 0.9205784735929287