fitness: -0.3390102837587411
distance: 0.23602297910488002
area: 2.6807545637738572