fitness: 0.2729921269244654
distance: 0.10077186320572018
area: 0.3251605910651293