fitness: -0.18203850138800004
distance: 0.1426709623372031
area: 1.9396939167468077