fitness: -0.48012092032725284
confidence: 0.987804106430849
area: 0.014785356810082322