fitness: 0.20942480043802772
confidence: 1
area: 0.004057519956197228