fitness: -0.30934685052982636
confidence: 0.8393858029157855
area: 0.013596149966859745