fitness: 0.6948054739479135
distance: 0.735723822990909
area: 0.010698739329526825