fitness: -0.1650631648261608
distance: 0.33644094594324514
area: 2.335239423288108