fitness: 0.08993423259440547
distance: 0.08993423259440547
area: 0.12039309727001433