fitness: 0.2522051140103851
distance: 0.014797106748924094
area: 0.19384286904620598