fitness: 0.2820360014694043
distance: 0.10420382431453501
area: 0.3030222518359011