fitness: 0.29214614962895824
distance: 0.0511698477897472
area: 0.14557581274621617