fitness: -0.23521433303643968
confidence: 0.6912323079013731
area: 0.014335802042208197