fitness: 0.8644275209229806
distance: 0.8730295727711344
area: 0.004034465865537016