fitness: 0.3869546360580747
distance: 0.22151636331394542
area: 0.002918263642738442