fitness: 0.8310892170980715
distance: 0.823634679340788
area: 0.0036636792407519474