fitness: 0.8597823310757828
distance: 0.8685266196232861
area: 0.004161263364168179