fitness: 0.31187968214669703
distance: 0.11409946037858953
area: 0.22663313372771898