fitness: 0.183124732903149
distance: 0.023332270550346035
area: 0.00843744700096105