fitness: 0.33632834970477554
distance: 0.1297436366114818
area: 0.18164065307753902