fitness: 0.08391741124367619
distance: 0.11375144551546035
area: 0.9856953353904869