fitness: -0.20727362748635592
distance: 0.239436555207176
area: 2.2495973871045973