fitness: 0.8810508027552185
distance: 0.88763732994216
area: 0.0034677194701401497