fitness: 0.18281434691504816
distance: 0.02593347900429932
area: 0.008663576233817626