fitness: 0.1849900345900516
distance: 0.1849900345900516
area: 0.6926568421945315