fitness: 0.005407667391629012
distance: 0.005407667391629012
area: 0.22986687179530824