fitness: 0.3285403184024449
distance: 0.061962217232578776
area: 0.049444112201200846