fitness: 0.30288668767674526
distance: 0.11009204943704265
area: 0.2472591564306154