fitness: 0.2570819284746837
confidence: 0.0
area: 0.014858361430506326