fitness: 0.3815812335694946
distance: 0.2196286518580649
area: 0.003314025532405406