fitness: 0.8745827640617831
distance: 0.8929738110284854
area: 0.00451475942095809