fitness: 0.8666740952300214
distance: 0.8928032600498981
area: 0.005292834980740228