fitness: -0.1778537805471767
confidence: 0.6576577955333051
area: 0.013692208677943959