fitness: -0.1042563842509473
confidence: 0.427607303916011
area: 0.01567101812627878