fitness: 0.19261452599829015
confidence: 1
area: 0.005738547400170984